3.952297330000018701e+04 1.921321311403725085e+00
3.952298169999988750e+04 1.931968317016923953e+00
3.952298790000006557e+04 1.944464416448129729e+00
3.952300109999999404e+04 1.939099078614849647e+00
3.952300669999979436e+04 1.923091728910158338e+00
3.952304279999993742e+04 1.931968317016923953e+00
3.952304760000016540e+04 1.942674323031489791e+00
3.952305250000022352e+04 1.935530413979744013e+00
3.952306359999999404e+04 1.912493641844208003e+00
3.952308380000013858e+04 1.930189727634575858e+00
3.952308859999990091e+04 1.937313924581955726e+00
3.952309349999995902e+04 1.908973941123505602e+00
3.952310319999977946e+04 1.889731054431676771e+00
3.952311219999985769e+04 1.841619903524670976e+00
3.952311640000017360e+04 1.818025623774263577e+00
3.952312259999988601e+04 1.761976046411629193e+00
3.952312680000020191e+04 1.733005735327081798e+00
3.952313510000007227e+04 1.681124974476959633e+00
3.952314000000013039e+04 1.635309651744583759e+00
3.952314349999977276e+04 1.581976398601154798e+00
3.952314900000020862e+04 1.555965631605074506e+00
3.952315320000005886e+04 1.513561248436208206e+00
3.952315739999990910e+04 1.473669177036688760e+00
3.952316149999992922e+04 1.446771683247722429e+00
3.952316569999977946e+04 1.390592875465445299e+00
3.952316850000014529e+04 1.386755828871888419e+00
3.952317059999983758e+04 1.382929369795944385e+00
3.952317400000011548e+04 1.340293773418309797e+00
3.952317890000017360e+04 1.261246575317538587e+00
3.952318789999978617e+04 1.167347076492192715e+00
3.952319279999984428e+04 1.137627285823430867e+00
3.952319900000002235e+04 1.080438372371230082e+00
3.952320390000008047e+04 1.060718149635315077e+00
3.952320880000013858e+04 1.056817509213658468e+00
3.952321439999993891e+04 1.031810635267592202e+00
3.952321920000016689e+04 1.029911719340699250e+00
3.952322470000013709e+04 1.058766033113696992e+00
3.952695429999986663e+04 1.464198642935277128e+00
3.952695910000009462e+04 1.400876983954583599e+00
3.952696260000020266e+04 1.397011560541224107e+00
3.952696680000005290e+04 1.363954867506638191e+00
3.952697090000007302e+04 1.310991874649777733e+00
3.952697789999982342e+04 1.270574105208541749e+00
3.952698199999984354e+04 1.235947433444510413e+00
3.952698620000015944e+04 1.189049678985097946e+00
3.952699040000000969e+04 1.174897554939529520e+00
3.952699869999988005e+04 1.153453257821092315e+00
3.952700290000019595e+04 1.157710574115270674e+00
3.952700769999995828e+04 1.155579955402128878e+00
3.952701189999980852e+04 1.174897554939529520e+00
3.952701610000012442e+04 1.196740531307243449e+00
3.952702089999988675e+04 1.211155762982733197e+00
3.952702439999999478e+04 1.243941623558307619e+00
3.952702859999984503e+04 1.285878692634399467e+00
3.952703759999992326e+04 1.367728825595849074e+00
3.952704179999977350e+04 1.382929369795944385e+00
3.952705060000019148e+04 1.462850686999853433e+00
3.952705489999987185e+04 1.510775731924994814e+00
3.952705910000018775e+04 1.526159765625462406e+00
3.952706740000005811e+04 1.608421982399085959e+00
3.952707090000016615e+04 1.635309651744583759e+00
3.952707510000001639e+04 1.674942876026437544e+00
3.952707989999977872e+04 1.698243652461744357e+00
3.952708410000009462e+04 1.720283405530434351e+00
3.952708760000020266e+04 1.750652708383370726e+00
3.952709590000007302e+04 1.798042695177437311e+00
3.952710009999992326e+04 1.845015419179473648e+00
3.952710490000015125e+04 1.868959971651491303e+00
3.952710910000000149e+04 1.896705921211146117e+00
3.952711329999985173e+04 1.907216520593905784e+00
3.952711739999987185e+04 1.903706531742075603e+00
3.952712089999997988e+04 1.898453656661504008e+00
3.952712509999983013e+04 1.896705921211146117e+00
3.952712990000005811e+04 1.903706531742075603e+00
3.953694189999997616e+04 1.931968317016923953e+00
3.953694680000003427e+04 1.969699614899923512e+00
3.953695099999988452e+04 1.939099078614849647e+00
3.953695580000011250e+04 1.957041341480676655e+00
3.953695999999996275e+04 1.955239669620887133e+00
3.953696549999993294e+04 1.967886289706844760e+00
3.953697039999999106e+04 1.962456324173690980e+00
3.953697459999984130e+04 1.966074633879100420e+00
3.953697940000006929e+04 1.926637459524080720e+00
3.953698359999991953e+04 1.919552523761379748e+00
3.953698779999976978e+04 1.910732981042873035e+00
3.953699259999999776e+04 1.868959971651491303e+00
3.953699819999979809e+04 1.851825243638178797e+00
3.953700169999990612e+04 1.826417248774354185e+00
3.953700650000013411e+04 1.818025623774263577e+00
3.953701209999993443e+04 1.744214931561176796e+00
3.953701830000011250e+04 1.721868574986006983e+00
3.953703079999983311e+04 1.635309651744583759e+00
3.953703500000014901e+04 1.612872362170401974e+00
3.953703919999999925e+04 1.587815364205615420e+00
3.953704469999996945e+04 1.551672273907233945e+00
3.953704889999981970e+04 1.499684835502373526e+00
3.953705299999983981e+04 1.448104823051372891e+00
3.953705580000020564e+04 1.421673931308003791e+00
3.953706000000005588e+04 1.416445927238513702e+00
3.953706350000016391e+04 1.395725457706767259e+00
3.953706760000018403e+04 1.367728825595849074e+00
3.953707040000008419e+04 1.332907464231338102e+00
3.953707530000014231e+04 1.301367630107464590e+00
3.953708009999990463e+04 1.258925411794167282e+00
3.953708499999996275e+04 1.213388850464977242e+00
3.953708980000019073e+04 1.184677117581485195e+00
3.953709400000004098e+04 1.163054323328467365e+00
3.953709819999989122e+04 1.140775012922120579e+00
3.953710169999999925e+04 1.152391377199486922e+00
3.953710580000001937e+04 1.141826189548222681e+00
3.953710999999986961e+04 1.166272405081964836e+00
3.953711970000015572e+04 1.218989598924866469e+00
3.953712600000016391e+04 1.250834928374065402e+00
3.953713079999992624e+04 1.309784962399686004e+00
3.953713569999998435e+04 1.353941811405074302e+00
3.953714119999995455e+04 1.402167833705758815e+00
3.953714610000001267e+04 1.421673931308003791e+00
3.953715169999981299e+04 1.481835517516431278e+00
3.953715650000004098e+04 1.509384896654952346e+00
3.953716140000009909e+04 1.561708593265373812e+00
3.953716690000006929e+04 1.599558028614668892e+00
3.953717320000007749e+04 1.617335055799850929e+00
3.953717870000004768e+04 1.678031078290956435e+00
3.953718360000010580e+04 1.709228005234331826e+00
3.953718979999981821e+04 1.758733354135572746e+00
3.954091030000010505e+04 1.118922481955243242e+00
3.954091380000021309e+04 1.154516116921430413e+00
3.954091720000002533e+04 1.200051820204265374e+00
3.954092070000013337e+04 1.221237130165308438e+00
3.954092450000019744e+04 1.243941623558307619e+00
3.954092840000009164e+04 1.285878692634399467e+00
3.954093319999985397e+04 1.318256738556407015e+00
3.954093740000016987e+04 1.380384264602884770e+00
3.954094119999976829e+04 1.406047524129913961e+00
3.954094499999983236e+04 1.460158496811786666e+00
3.954094920000014827e+04 1.506607066186742117e+00
3.954095339999999851e+04 1.527566058238072788e+00
3.954095750000001863e+04 1.567472751800438324e+00
3.954096059999987483e+04 1.599558028614668892e+00
3.954096519999997690e+04 1.632300072818995140e+00
3.954096829999983311e+04 1.641345466702140987e+00
3.954097209999989718e+04 1.681124974476959633e+00
3.954097560000000522e+04 1.712379421244928146e+00
3.954097899999981746e+04 1.765224717452557712e+00
3.954098290000017732e+04 1.791430648406026060e+00
3.954098559999978170e+04 1.794733626832526463e+00
3.954098879999993369e+04 1.809672554788790855e+00
3.954099750000005588e+04 1.865520389100596255e+00
3.954100130000011995e+04 1.898453656661504008e+00
3.954100540000014007e+04 1.891472362833014786e+00
3.954100930000003427e+04 1.905460717963247008e+00
3.954101310000009835e+04 1.944464416448129729e+00
3.954101619999995455e+04 1.907216520593905784e+00
3.954101929999981076e+04 1.900203002577232514e+00
3.954102309999987483e+04 1.898453656661504008e+00
3.954102699999976903e+04 1.916019832068457829e+00
3.955091349999979138e+04 1.632300072818995140e+00
3.955091729999985546e+04 1.612872362170401974e+00
3.955092109999991953e+04 1.579064972728428051e+00
3.955092529999976978e+04 1.547390762820878507e+00
3.955092909999983385e+04 1.526159765625462406e+00
3.955093220000015572e+04 1.483200967181874885e+00
3.955093979999981821e+04 1.397011560541224107e+00
3.955094329999992624e+04 1.397011560541224107e+00
3.955094709999999031e+04 1.355189412351035960e+00
3.955095159999979660e+04 1.300169578033290252e+00
3.955095580000011250e+04 1.275263706459730528e+00
3.955096139999991283e+04 1.226874104638340457e+00
3.955096549999993294e+04 1.169499391019870993e+00
3.955096969999978319e+04 1.132400363235557039e+00
3.955097390000009909e+04 1.106623783977666253e+00
3.955097699999995530e+04 1.073494935805235695e+00
3.955098009999981150e+04 1.061695557198724549e+00
3.955098359999991953e+04 1.039441375148800750e+00
3.955098739999998361e+04 1.033713052350583972e+00
3.955099090000009164e+04 1.037528415818012695e+00
3.955099399999994785e+04 1.042317429393304185e+00
3.955099750000005588e+04 1.031810635267592202e+00
3.955100100000016391e+04 1.066596121230257932e+00
3.955100410000002012e+04 1.087426719546243703e+00
3.955100719999987632e+04 1.124087193469730073e+00
3.955101069999998435e+04 1.143931449539306699e+00
3.955101349999988452e+04 1.156644774165645595e+00
3.955101619999995455e+04 1.180320635651729733e+00
3.955101899999985471e+04 1.216746203979131025e+00
3.955102600000007078e+04 1.257766432451253857e+00
3.955102939999988303e+04 1.313409036532733554e+00
3.955103289999999106e+04 1.340293773418309797e+00
3.955103640000009909e+04 1.375308097421452214e+00
3.955104020000016317e+04 1.409937949358723186e+00
3.955104330000001937e+04 1.436150652907477232e+00
3.955105029999976978e+04 1.496924856760037059e+00
3.955105370000004768e+04 1.541700452949559486e+00
3.955105690000019968e+04 1.555965631605074506e+00
3.955106000000005588e+04 1.599558028614668892e+00
3.955106350000016391e+04 1.618825362642106747e+00
3.955106689999997616e+04 1.661116147600013582e+00
3.955107040000008419e+04 1.676486266073897502e+00
3.955107459999993443e+04 1.713957307508425343e+00
3.955107869999995455e+04 1.757114246595094631e+00
3.955108220000006258e+04 1.798042695177437311e+00
3.955108639999991283e+04 1.813009167017021195e+00
3.955109120000014082e+04 1.821377637104779623e+00
3.955109539999999106e+04 1.850120434771859168e+00
3.955110030000004917e+04 1.879316816803268564e+00
3.955110369999986142e+04 1.894959794743548587e+00
3.955110930000012740e+04 1.924863777782531704e+00
3.955111409999988973e+04 1.914255925021085547e+00
3.955111830000020564e+04 1.933748545295255195e+00
3.955591729999985546e+04 1.912493641844208003e+00
3.955592169999983162e+04 1.889731054431676771e+00
3.955592549999989569e+04 1.877586698919349928e+00
3.955592900000000373e+04 1.870682140365800716e+00
3.955593289999989793e+04 1.858660202688539487e+00
3.955593600000021979e+04 1.843316879505754624e+00
3.955594230000022799e+04 1.796387399063891444e+00
3.955594570000004023e+04 1.778279410038922759e+00
3.955594870000006631e+04 1.752265861885708542e+00
3.955595190000021830e+04 1.726632852743236413e+00
3.955595640000002459e+04 1.713957307508425343e+00
3.955596380000002682e+04 1.656532649318018358e+00
3.955596749999979511e+04 1.618825362642106747e+00
3.955597129999985918e+04 1.589278469882468459e+00
3.955598039999976754e+04 1.519147698447522066e+00
3.955598400000017136e+04 1.468249967831986247e+00
3.955598760000010952e+04 1.428236080019183118e+00
3.955599150000000373e+04 1.397011560541224107e+00
3.955599489999981597e+04 1.372777018208548805e+00
3.955599850000021979e+04 1.335365033327186035e+00
3.955600199999986216e+04 1.296582035382628506e+00
3.955600540000014007e+04 1.272916746193560211e+00
3.955600879999995232e+04 1.238226230958993312e+00
3.955601200000010431e+04 1.104587183988629651e+00
3.955601580000016838e+04 1.167347076492192715e+00
3.955601890000002459e+04 1.127197456175510482e+00
3.955602270000008866e+04 1.090435545543659401e+00
3.955602600000007078e+04 1.074484116644555343e+00
3.955602889999980107e+04 1.061695557198724549e+00
3.955603179999999702e+04 1.050993427186216911e+00
3.955603429999994114e+04 1.039441375148800750e+00
3.955603759999992326e+04 1.039441375148800750e+00
3.955604009999986738e+04 1.043277881459965695e+00
3.955604289999976754e+04 1.037528415818012695e+00
3.955604620000021532e+04 1.056817509213658468e+00
3.955605060000019148e+04 1.079443709984453381e+00
3.955605429999995977e+04 1.101539309541414990e+00
3.955605750000011176e+04 1.130316324738696920e+00
3.983497679999982938e+04 1.690440931643264033e+00
3.983499910000013188e+04 1.534616982799294371e+00
3.983500520000001416e+04 1.488675359492364292e+00
3.983501079999981448e+04 1.442779623129478273e+00
3.983501560000004247e+04 1.375308097421452214e+00
3.983502039999980479e+04 1.340293773418309797e+00
3.983502520000003278e+04 1.317043138199841312e+00
3.983503159999987110e+04 1.277614993970795254e+00
3.983503700000001118e+04 1.220112847031930903e+00
3.983504609999991953e+04 1.177063790780568997e+00
3.983505040000006557e+04 1.142878334789771744e+00
3.983505539999995381e+04 1.146040591136602727e+00
3.983505979999992996e+04 1.165198723025000493e+00
3.983506630000006407e+04 1.179234020653002313e+00
3.983507129999995232e+04 1.213388850464977242e+00
3.983507610000018030e+04 1.248532926159494627e+00
3.983508589999983087e+04 1.325561860719858931e+00
3.983509290000004694e+04 1.386755828871888419e+00
3.983509840000001714e+04 1.445439770745927666e+00
3.983510740000009537e+04 1.526159765625462406e+00
3.983511540000000969e+04 1.601031954667332391e+00
3.983512110000010580e+04 1.627796086393797692e+00
3.983512699999986216e+04 1.673400906839313196e+00
3.983513310000021011e+04 1.729816359215101462e+00
3.983513860000018030e+04 1.771740039943122902e+00
3.983514380000019446e+04 1.804679146556722236e+00
3.983514939999999478e+04 1.839924489796671558e+00
3.983515400000009686e+04 1.862087136662867515e+00
3.983515829999977723e+04 1.879316816803268564e+00
3.983516539999982342e+04 1.868959971651491303e+00
3.983517059999983758e+04 1.898453656661504008e+00
3.983517670000018552e+04 1.962456324173690980e+00
3.983518149999994785e+04 1.940885877592777975e+00
3.983518660000013188e+04 1.957041341480676655e+00
3.983524789999984205e+04 1.948049553290765123e+00
3.983525359999993816e+04 1.949844599758045138e+00
3.983534560000011697e+04 1.896705921211146117e+00
3.983535130000021309e+04 1.964264645879855609e+00
3.983535719999996945e+04 1.894959794743548587e+00
3.983615709999995306e+04 1.914255925021085547e+00
3.983616080000018701e+04 1.917785364482653243e+00
3.983616479999991134e+04 1.905460717963247008e+00
3.983616679999977350e+04 1.907216520593905784e+00
3.983616949999984354e+04 1.900203002577232514e+00
3.983617210000008345e+04 1.893215275777465401e+00
3.983617609999980778e+04 1.921321311403725085e+00
3.983617900000000373e+04 1.901953960442308356e+00
3.983618159999977797e+04 1.908973941123505602e+00
3.983618420000001788e+04 1.921321311403725085e+00
3.983618669999996200e+04 1.924863777782531704e+00
3.983618930000020191e+04 1.908973941123505602e+00
3.983619169999985024e+04 1.914255925021085547e+00
3.983619430000009015e+04 1.921321311403725085e+00
3.983619680000003427e+04 1.919552523761379748e+00
3.983620030000014231e+04 1.889731054431676771e+00
3.983620250000013039e+04 1.884516741721554256e+00
3.983620520000020042e+04 1.858660202688539487e+00
3.983620779999997467e+04 1.846715523986705909e+00
3.983621040000021458e+04 1.843316879505754624e+00
3.983621299999998882e+04 1.823055960681069232e+00
3.983621529999980703e+04 1.811340092619602604e+00
3.983621749999979511e+04 1.798042695177437311e+00
3.983621980000007898e+04 1.773372624542558063e+00
3.983622220000019297e+04 1.776642308203615572e+00
3.983622459999984130e+04 1.757114246595094631e+00
3.983622750000003725e+04 1.726632852743236413e+00
3.983623020000010729e+04 1.720283405530434351e+00
3.983623300000000745e+04 1.699808513203496574e+00
3.983623579999990761e+04 1.681124974476959633e+00
3.983623840000014752e+04 1.645886943219303067e+00
3.983624120000004768e+04 1.629296032639722558e+00
3.983624369999999180e+04 1.608421982399085959e+00
3.983624720000009984e+04 1.590742923750219529e+00
3.983625000000000000e+04 1.543121065657792057e+00
3.983625240000011399e+04 1.514955932040343622e+00
3.983625510000018403e+04 1.495546772744395403e+00
3.983625769999995828e+04 1.466898282206286375e+00
3.983626030000019819e+04 1.452111617587742431e+00
3.983626280000014231e+04 1.430869412749339542e+00
3.983626530000008643e+04 1.407343138318348785e+00
3.983626770000020042e+04 1.368989130700735135e+00
3.983627050000010058e+04 1.361444682465950073e+00
3.983627320000017062e+04 1.368989130700735135e+00
3.983627710000006482e+04 1.315830655095918678e+00
3.983627960000000894e+04 1.279970616705180309e+00
3.983628219999978319e+04 1.243941623558307619e+00
3.983628560000006109e+04 1.228004617988788238e+00
3.983628849999979138e+04 1.206701909593275168e+00
3.983629119999986142e+04 1.190145338703854971e+00
3.983629400000022724e+04 1.146040591136602727e+00
3.983629650000017136e+04 1.141826189548222681e+00
3.983629919999977574e+04 1.107643491669743296e+00
3.983630170000018552e+04 1.087426719546243703e+00
3.983630429999995977e+04 1.061695557198724549e+00
3.983630690000019968e+04 1.056817509213658468e+00
3.983630920000001788e+04 1.048093433362873306e+00
3.983631130000017583e+04 1.036573256767004958e+00
3.983631410000007600e+04 1.036573256767004958e+00
3.983631559999985620e+04 1.036573256767004958e+00
3.983631760000018403e+04 1.039441375148800750e+00
3.983631980000017211e+04 1.043277881459965695e+00
3.983632200000016019e+04 1.047128548050899610e+00
3.983632429999997839e+04 1.057791322499501030e+00
3.983632709999987856e+04 1.078449963293831804e+00
3.983632979999994859e+04 1.074484116644555343e+00
3.983633250000001863e+04 1.088428737943594182e+00
3.983633490000013262e+04 1.116863247780561119e+00
3.983633820000011474e+04 1.142878334789771744e+00
3.983634049999993294e+04 1.167347076492192715e+00
3.983634459999995306e+04 1.206701909593275168e+00
3.983634750000014901e+04 1.226874104638340457e+00
3.983635060000000522e+04 1.253141174941415859e+00
3.983635380000015721e+04 1.276438808811343861e+00
3.983706770000001416e+04 1.940885877592777975e+00
3.983707299999985844e+04 1.933748545295255195e+00
3.983710270000016317e+04 1.905460717963247008e+00
3.983710829999996349e+04 1.916019832068457829e+00
3.983714979999978095e+04 1.919552523761379748e+00
3.983715510000009090e+04 1.923091728910158338e+00
3.983718520000018179e+04 1.900203002577232514e+00
3.983719040000019595e+04 1.940885877592777975e+00
3.983722250000014901e+04 1.933748545295255195e+00
3.983722740000020713e+04 1.914255925021085547e+00
3.983725779999978840e+04 1.958844673505989675e+00
3.983726200000010431e+04 1.930189727634575858e+00
3.983726690000016242e+04 1.919552523761379748e+00
3.983728860000008717e+04 1.914255925021085547e+00
3.983729320000018924e+04 1.919552523761379748e+00
3.983729820000007749e+04 1.960649667226600279e+00
3.983732739999983460e+04 1.910732981042873035e+00
3.983733320000022650e+04 1.921321311403725085e+00
3.983733870000019670e+04 1.969699614899923512e+00
3.983736450000014156e+04 1.939099078614849647e+00
3.983737000000011176e+04 1.931968317016923953e+00
3.983737559999991208e+04 1.971514610996586869e+00
3.983896199999982491e+04 1.903706531742075603e+00
3.983896790000004694e+04 1.908973941123505602e+00
3.983934989999979734e+04 1.937313924581955726e+00
3.983935770000005141e+04 1.919552523761379748e+00
3.983936590000009164e+04 1.949844599758045138e+00
3.983937289999984205e+04 1.923091728910158338e+00
3.983937850000010803e+04 1.931968317016923953e+00
3.983938290000008419e+04 1.900203002577232514e+00
3.983997250000014901e+04 1.962456324173690980e+00
3.983997729999991134e+04 1.975149622060758947e+00
3.983997880000015721e+04 1.949844599758045138e+00
3.983998339999979362e+04 1.912493641844208003e+00
3.983998499999986961e+04 1.924863777782531704e+00
3.983998989999992773e+04 1.887991349096293403e+00
3.983999129999987781e+04 1.879316816803268564e+00
3.983999530000006780e+04 1.855239575549284980e+00
3.983999660000018775e+04 1.851825243638178797e+00
3.984000080000003800e+04 1.858660202688539487e+00
3.984000229999981821e+04 1.838230636883530833e+00
3.984000689999992028e+04 1.794733626832526463e+00
3.984001060000015423e+04 1.796387399063891444e+00
3.984001569999987260e+04 1.728223872949766315e+00
3.984001709999982268e+04 1.725043297245843599e+00
3.984002180000022054e+04 1.690440931643264033e+00
3.984002320000017062e+04 1.710802987599328473e+00
3.984002710000006482e+04 1.676486266073897502e+00
3.984002840000018477e+04 1.661116147600013582e+00
3.984003319999994710e+04 1.626297521013409630e+00
3.984003459999989718e+04 1.623304527765459637e+00
3.984003690000018105e+04 1.593675881028767005e+00
3.984004050000011921e+04 1.574707877289847957e+00
3.984014550000010058e+04 1.402167833705758815e+00
3.984015049999998882e+04 1.436150652907477232e+00
3.984015169999981299e+04 1.456129498616057116e+00
3.984015460000000894e+04 1.479108388168207444e+00
3.984015590000012890e+04 1.495546772744395403e+00
3.984016030000010505e+04 1.541700452949559486e+00
3.984016140000009909e+04 1.557399389080855512e+00
3.984016550000011921e+04 1.577611269699348728e+00
3.984016660000011325e+04 1.603983882508418279e+00
3.984017050000000745e+04 1.599558028614668892e+00
3.984017299999995157e+04 1.612872362170401974e+00
3.984017689999984577e+04 1.674942876026437544e+00
3.984017849999992177e+04 1.709228005234331826e+00
3.984018229999998584e+04 1.687329890625803852e+00
3.984018349999981001e+04 1.690440931643264033e+00
3.984018889999995008e+04 1.726632852743236413e+00
3.984019020000007004e+04 1.749041039966303890e+00
3.984019370000017807e+04 1.763599633897995345e+00
3.984019980000006035e+04 1.809672554788790855e+00
3.984020339999999851e+04 1.813009167017021195e+00
3.984020479999994859e+04 1.839924489796671558e+00
3.984020779999997467e+04 1.821377637104779623e+00
3.984020930000022054e+04 1.834847607755540011e+00
3.984021279999986291e+04 1.855239575549284980e+00
3.984021409999998286e+04 1.881048528918704665e+00
3.984021790000004694e+04 1.935530413979744013e+00
3.984022030000016093e+04 1.889731054431676771e+00
3.984022369999997318e+04 1.917785364482653243e+00
3.984022479999996722e+04 1.944464416448129729e+00
3.984022809999994934e+04 1.891472362833014786e+00
3.984022949999989942e+04 1.881048528918704665e+00
3.984023279999988154e+04 1.891472362833014786e+00
3.984023460000008345e+04 1.894959794743548587e+00
3.984023749999981374e+04 1.907216520593905784e+00
3.984023870000010356e+04 1.962456324173690980e+00
3.984024179999995977e+04 1.914255925021085547e+00
3.984024299999978393e+04 1.917785364482653243e+00
3.984024640000006184e+04 1.926637459524080720e+00
3.984024780000001192e+04 1.958844673505989675e+00
3.984025119999982417e+04 1.924863777782531704e+00
3.984025400000018999e+04 1.960649667226600279e+00
3.984025779999978840e+04 1.946256159361240634e+00
3.984025909999990836e+04 1.949844599758045138e+00
3.984026440000021830e+04 1.919552523761379748e+00
3.984026789999986067e+04 1.916019832068457829e+00
3.984026960000023246e+04 1.926637459524080720e+00
3.986396629999997094e+04 1.908973941123505602e+00
3.986397149999998510e+04 1.916019832068457829e+00
3.986398080000001937e+04 1.853531623414811369e+00
3.986398680000007153e+04 1.853531623414811369e+00
3.986399340000003576e+04 1.811340092619602604e+00
3.986399910000013188e+04 1.760353953616164313e+00
3.986400469999993220e+04 1.737800828749375359e+00
3.986401090000011027e+04 1.698243652461744357e+00
3.986401809999998659e+04 1.642857898137272121e+00
3.986402290000021458e+04 1.570362804333552464e+00
3.986402829999988899e+04 1.538863149819954756e+00
3.986403280000016093e+04 1.499684835502373526e+00
3.986403720000013709e+04 1.452111617587742431e+00
3.986404240000015125e+04 1.412537544622754382e+00
3.986404769999999553e+04 1.351450054117559363e+00
3.986405269999988377e+04 1.313409036532733554e+00
3.986405789999989793e+04 1.242796438440914919e+00
3.986406309999991208e+04 1.204481128573176019e+00
3.986407079999987036e+04 1.126159746907865911e+00
3.986407569999992847e+04 1.096478196143185091e+00
3.986408059999998659e+04 1.058766033113696992e+00
3.986408529999991879e+04 1.038484455008273910e+00
3.986409060000022873e+04 1.028963572296753837e+00
3.986409579999977723e+04 1.032761405761397411e+00
3.986410050000017509e+04 1.042317429393304185e+00
3.986410559999989346e+04 1.077457131456366790e+00
3.986411090000020340e+04 1.111731727281591198e+00
3.986411560000013560e+04 1.163054323328467365e+00
3.986412270000018179e+04 1.210040760856954334e+00
3.986412770000007004e+04 1.263572018522654217e+00
3.986413249999983236e+04 1.313409036532733554e+00
3.986413730000006035e+04 1.352695359013038834e+00
3.986414289999986067e+04 1.413839139094564823e+00
3.986414889999991283e+04 1.483200967181874885e+00
3.986415340000018477e+04 1.524754767659916244e+00
3.986416000000014901e+04 1.579064972728428051e+00
3.986416470000008121e+04 1.618825362642106747e+00
3.986416969999996945e+04 1.673400906839313196e+00
3.986417590000014752e+04 1.713957307508425343e+00
3.986418420000001788e+04 1.794733626832526463e+00
3.986418940000003204e+04 1.819700858609983429e+00
3.986419540000008419e+04 1.834847607755540011e+00
3.986420090000005439e+04 1.860372880595050793e+00
3.986420809999993071e+04 1.886253245351065866e+00
3.986421400000015274e+04 1.914255925021085547e+00
3.986422280000010505e+04 1.949844599758045138e+00
3.986422789999982342e+04 1.928412775639426258e+00
3.986423339999979362e+04 1.935530413979744013e+00
3.986423989999992773e+04 1.914255925021085547e+00
3.986424489999981597e+04 1.912493641844208003e+00
3.986425339999981225e+04 1.930189727634575858e+00
3.986425889999978244e+04 1.926637459524080720e+00
3.986427389999991283e+04 1.935530413979744013e+00
3.986427900000009686e+04 1.924863777782531704e+00
3.986428429999994114e+04 1.917785364482653243e+00
3.986896840000012890e+04 1.910732981042873035e+00
3.986897630000021309e+04 1.900203002577232514e+00
3.986898130000010133e+04 1.903706531742075603e+00
3.986898879999993369e+04 1.900203002577232514e+00
3.986899759999988601e+04 1.900203002577232514e+00
3.986900229999981821e+04 1.910732981042873035e+00
3.986900609999988228e+04 1.930189727634575858e+00
3.986901019999990240e+04 1.935530413979744013e+00
3.986904289999976754e+04 1.828100216142742651e+00
3.986904639999987558e+04 1.808006552110007936e+00
3.986904999999981374e+04 1.773372624542558063e+00
3.986905390000017360e+04 1.742609189825930160e+00
3.986905890000006184e+04 1.701374815899197923e+00
3.986906300000008196e+04 1.664178856616584490e+00
3.986906730000022799e+04 1.638324779628639316e+00
3.986907150000007823e+04 1.601031954667332391e+00
3.986907519999984652e+04 1.527566058238072788e+00
3.986907910000020638e+04 1.516351900787288765e+00
3.986911189999990165e+04 1.194538082933886303e+00
3.986911340000014752e+04 1.190145338703854971e+00
3.986911489999992773e+04 1.174897554939529520e+00
3.986911579999979585e+04 1.165198723025000493e+00
3.986911810000007972e+04 1.159845121190166806e+00
3.986912089999997988e+04 1.136579974750152155e+00
3.986912339999992400e+04 1.111731727281591198e+00
3.986912589999986812e+04 1.101539309541414990e+00
3.986912660000007600e+04 1.085425449306826273e+00
3.986912850000010803e+04 1.076465213629834938e+00
3.986912930000014603e+04 1.064633187051312158e+00
3.986913139999983832e+04 1.061695557198724549e+00
3.986913230000017211e+04 1.059741641883097607e+00
3.986913450000016019e+04 1.046164551022007894e+00
3.986913519999990240e+04 1.042317429393304185e+00
3.986913679999997839e+04 1.034665575842437235e+00
3.986913810000009835e+04 1.031810635267592202e+00
3.986914039999991655e+04 1.026124365193342047e+00
3.986914119999995455e+04 1.028016298126473549e+00
3.986914410000015050e+04 1.033713052350583972e+00
3.986914479999989271e+04 1.028963572296753837e+00
3.986914710000017658e+04 1.037528415818012695e+00
3.986914790000021458e+04 1.040399177051352098e+00
3.986915040000015870e+04 1.046164551022007894e+00
3.986915350000001490e+04 1.057791322499501030e+00
3.986915679999999702e+04 1.083427862150139198e+00
3.986915789999999106e+04 1.094460267815079213e+00
3.986916019999980927e+04 1.114807803363842220e+00
3.986916110000014305e+04 1.118922481955243242e+00
3.986916410000016913e+04 1.141826189548222681e+00
3.986916749999998137e+04 1.166272405081964836e+00
3.986916910000005737e+04 1.185768748167160158e+00
3.986917680000001565e+04 1.254295892302317972e+00
3.986917790000000969e+04 1.260085459088237991e+00
3.986917840000009164e+04 1.281150056278397509e+00
3.986918319999985397e+04 1.315830655095918678e+00
3.986918770000012591e+04 1.345240705148632809e+00
3.986918990000011399e+04 1.374041975012515238e+00
3.986919249999988824e+04 1.399587322572618087e+00
3.986919409999996424e+04 1.403459872921176022e+00
3.986920509999990463e+04 1.519147698447522066e+00
3.986921089999983087e+04 1.564588018040553363e+00
3.986921710000000894e+04 1.639834427626536639e+00
3.988796160000003874e+04 1.886253245351065866e+00
3.988796299999998882e+04 1.887991349096293403e+00
3.988796710000000894e+04 1.870682140365800716e+00
3.988796859999978915e+04 1.858660202688539487e+00
3.988797019999986514e+04 1.862087136662867515e+00
3.988797440000018105e+04 1.834847607755540011e+00
3.988797589999996126e+04 1.831470804661351259e+00
3.988797729999991134e+04 1.809672554788790855e+00
3.988798139999993145e+04 1.781558140662893752e+00
3.988798270000005141e+04 1.786487574852050786e+00
3.988798419999983162e+04 1.765224717452557712e+00
3.988798939999984577e+04 1.761976046411629193e+00
3.988799090000009164e+04 1.758733354135572746e+00
3.988799230000004172e+04 1.736200991901418078e+00
3.988800020000012591e+04 1.687329890625803852e+00
3.988800160000007600e+04 1.665712328068810200e+00
3.988800309999985620e+04 1.656532649318018358e+00
3.988800719999987632e+04 1.651961798229015121e+00
3.988800859999982640e+04 1.630797361023594183e+00
3.988801019999990240e+04 1.627796086393797692e+00
3.988801470000017434e+04 1.587815364205615420e+00
3.988801610000012442e+04 1.571809828203918569e+00
3.988801739999977872e+04 1.570362804333552464e+00
3.988802169999992475e+04 1.537446456991687915e+00
3.988802300000004470e+04 1.517749155861249477e+00
3.988802430000016466e+04 1.506607066186742117e+00
3.988802960000000894e+04 1.464198642935277128e+00
3.988803079999983311e+04 1.453449677918314809e+00
3.988803209999995306e+04 1.442779623129478273e+00
3.988803569999989122e+04 1.391874248839296557e+00
3.988803700000001118e+04 1.382929369795944385e+00
3.988803819999983534e+04 1.370250597124244907e+00
3.988804279999993742e+04 1.345240705148632809e+00
3.988804410000005737e+04 1.346480288387847501e+00
3.988804529999988154e+04 1.336595516546442264e+00
3.988804889999981970e+04 1.306170888131841457e+00
3.988804999999981374e+04 1.296582035382628506e+00
3.988805159999988973e+04 1.288249551693134043e+00
3.988805569999990985e+04 1.255451673687138614e+00
3.988805690000019968e+04 1.237086307489270398e+00
3.988805819999985397e+04 1.241652307592411075e+00
3.988806199999991804e+04 1.217867384891259341e+00
3.988806320000020787e+04 1.216746203979131025e+00
3.988806460000015795e+04 1.211155762982733197e+00
3.988806840000022203e+04 1.186861384644919859e+00
3.988807700000004843e+04 1.164126029410491370e+00
3.988807830000016838e+04 1.154516116921430413e+00
3.988807989999977872e+04 1.154516116921430413e+00
3.988808540000021458e+04 1.149211597203240842e+00
3.988808669999986887e+04 1.146040591136602727e+00
3.988808799999998882e+04 1.153453257821092315e+00
3.988809390000021085e+04 1.183586491961860609e+00
3.988809519999986514e+04 1.186861384644919859e+00
3.988809659999981523e+04 1.206701909593275168e+00
3.988810099999979138e+04 1.237086307489270398e+00
3.988810240000020713e+04 1.231402412206216601e+00
3.988810360000003129e+04 1.248532926159494627e+00
3.988810820000013337e+04 1.257766432451253857e+00
3.988810949999978766e+04 1.290624782060537656e+00
3.988811139999981970e+04 1.295388388974888283e+00
3.988811840000003576e+04 1.342764961137863811e+00
3.988811959999985993e+04 1.350205895662239142e+00
3.988812080000014976e+04 1.357688064139091821e+00
3.988812609999999404e+04 1.415141932931429647e+00
3.988812749999994412e+04 1.413839139094564823e+00
3.988812889999989420e+04 1.422983944579333526e+00
3.988813510000007227e+04 1.466898282206286375e+00
3.988813679999997839e+04 1.499684835502373526e+00
3.988813840000005439e+04 1.499684835502373526e+00
3.988814300000015646e+04 1.548816618912481458e+00
3.988814440000010654e+04 1.580520015284257340e+00
3.988814570000022650e+04 1.592208727051170225e+00
3.988815240000002086e+04 1.630797361023594183e+00
3.988815379999997094e+04 1.624800335227319703e+00
3.988815499999979511e+04 1.641345466702140987e+00
3.988815899999998510e+04 1.687329890625803852e+00
3.988816019999980927e+04 1.676486266073897502e+00
3.988816149999992922e+04 1.725043297245843599e+00
3.988816550000011921e+04 1.771740039943122902e+00
3.988816660000011325e+04 1.770108958317420988e+00
3.988816779999993742e+04 1.776642308203615572e+00
3.988817320000007749e+04 1.821377637104779623e+00
3.988817519999993965e+04 1.819700858609983429e+00
3.988817650000005960e+04 1.838230636883530833e+00
3.988818049999978393e+04 1.846715523986705909e+00
3.988818170000007376e+04 1.848417195369656207e+00
3.988818310000002384e+04 1.850120434771859168e+00
3.988818720000004396e+04 1.865520389100596255e+00
3.988818850000016391e+04 1.903706531742075603e+00
3.988818990000011399e+04 1.853531623414811369e+00
3.988819540000008419e+04 1.914255925021085547e+00
3.988819689999986440e+04 1.921321311403725085e+00
3.988819840000011027e+04 1.894959794743548587e+00
3.988820269999979064e+04 1.921321311403725085e+00
3.988820410000020638e+04 1.930189727634575858e+00
3.988820520000020042e+04 1.935530413979744013e+00
3.988820919999992475e+04 1.916019832068457829e+00
3.988821050000004470e+04 1.907216520593905784e+00
3.988898350000008941e+04 1.949844599758045138e+00
3.988898529999982566e+04 1.942674323031489791e+00
3.988898689999990165e+04 1.935530413979744013e+00
3.988899209999991581e+04 1.921321311403725085e+00
3.988899360000016168e+04 1.946256159361240634e+00
3.988899550000019372e+04 1.937313924581955726e+00
3.988900109999999404e+04 1.951641300285826386e+00
3.988900279999990016e+04 1.957041341480676655e+00
3.988900449999980628e+04 1.964264645879855609e+00
3.988901720000011846e+04 1.960649667226600279e+00
3.988901869999989867e+04 1.958844673505989675e+00
3.988902039999980479e+04 1.951641300285826386e+00
3.988902499999990687e+04 1.924863777782531704e+00
3.988902650000015274e+04 1.916019832068457829e+00
3.988902799999993294e+04 1.949844599758045138e+00
3.988903289999999106e+04 1.949844599758045138e+00
3.988903439999977127e+04 1.949844599758045138e+00
3.988903590000001714e+04 1.939099078614849647e+00
3.988910009999992326e+04 1.949844599758045138e+00
3.988910160000016913e+04 1.948049553290765123e+00
3.988910309999994934e+04 1.949844599758045138e+00
3.988911029999982566e+04 1.908973941123505602e+00
3.988911180000007153e+04 1.914255925021085547e+00
3.988911299999989569e+04 1.903706531742075603e+00
3.988911840000003576e+04 1.896705921211146117e+00
3.988911979999998584e+04 1.898453656661504008e+00
3.988912110000010580e+04 1.894959794743548587e+00
3.988912550000008196e+04 1.916019832068457829e+00
3.988912710000015795e+04 1.917785364482653243e+00
3.988912859999993816e+04 1.917785364482653243e+00
3.988913549999985844e+04 1.912493641844208003e+00
3.988913689999980852e+04 1.951641300285826386e+00
3.988913879999984056e+04 1.948049553290765123e+00
3.988914460000023246e+04 1.924863777782531704e+00
3.988914589999988675e+04 1.923091728910158338e+00
3.988914729999983683e+04 1.949844599758045138e+00
3.988915180000010878e+04 1.928412775639426258e+00
3.988915310000022873e+04 1.910732981042873035e+00
3.988915469999983907e+04 1.910732981042873035e+00
3.988915980000002310e+04 1.914255925021085547e+00
3.988916129999980330e+04 1.926637459524080720e+00
3.988916300000017509e+04 1.935530413979744013e+00
3.988996849999995902e+04 1.937313924581955726e+00
3.988997000000020489e+04 1.921321311403725085e+00
3.988997140000015497e+04 1.903706531742075603e+00
3.988997569999983534e+04 1.958844673505989675e+00
3.988997729999991134e+04 1.948049553290765123e+00
3.988997869999986142e+04 1.940885877592777975e+00
3.988998279999988154e+04 1.958844673505989675e+00
3.988998410000000149e+04 1.967886289706844760e+00
3.988999280000012368e+04 1.940885877592777975e+00
3.989000240000011399e+04 1.955239669620887133e+00
3.989000369999976829e+04 1.967886289706844760e+00
3.989000870000012219e+04 1.907216520593905784e+00
3.989001010000007227e+04 1.916019832068457829e+00
3.989001550000021234e+04 1.901953960442308356e+00
3.989001780000003055e+04 1.948049553290765123e+00
3.989002169999992475e+04 1.937313924581955726e+00
3.989002320000017062e+04 1.940885877592777975e+00
3.989002850000001490e+04 1.933748545295255195e+00
3.989002980000013486e+04 1.930189727634575858e+00
3.989003170000016689e+04 1.912493641844208003e+00
3.989004879999998957e+04 1.914255925021085547e+00
3.989005010000010952e+04 1.919552523761379748e+00
3.989005519999982789e+04 1.962456324173690980e+00
3.989005649999994785e+04 1.953439656398256341e+00
3.989006490000011399e+04 1.937313924581955726e+00
3.989006619999976829e+04 1.924863777782531704e+00
3.989007029999978840e+04 1.937313924581955726e+00
3.989007170000020415e+04 1.923091728910158338e+00
3.989007549999980256e+04 1.917785364482653243e+00
3.989007690000021830e+04 1.905460717963247008e+00
3.989008229999989271e+04 1.894959794743548587e+00
3.989008360000001267e+04 1.914255925021085547e+00
3.989008770000003278e+04 1.924863777782531704e+00
3.989008889999985695e+04 1.924863777782531704e+00
3.989009950000001118e+04 1.907216520593905784e+00
3.989010069999983534e+04 1.893215275777465401e+00
3.989010470000002533e+04 1.914255925021085547e+00
3.989010600000014529e+04 1.917785364482653243e+00
3.989011049999995157e+04 1.919552523761379748e+00
3.989011180000007153e+04 1.957041341480676655e+00
3.989011700000008568e+04 1.924863777782531704e+00
3.989011819999990985e+04 1.931968317016923953e+00
3.989012209999980405e+04 1.912493641844208003e+00
3.989012319999979809e+04 1.908973941123505602e+00
3.989012800000002608e+04 1.900203002577232514e+00
3.989012930000014603e+04 1.912493641844208003e+00
3.989013519999990240e+04 1.926637459524080720e+00
3.989013980000000447e+04 1.891472362833014786e+00
3.989014110000012442e+04 1.919552523761379748e+00
3.989014660000009462e+04 1.894959794743548587e+00
3.989014779999991879e+04 1.905460717963247008e+00
3.989015180000010878e+04 1.894959794743548587e+00
3.989015310000022873e+04 1.891472362833014786e+00
3.989015829999977723e+04 1.886253245351065866e+00
3.989016419999999925e+04 1.893215275777465401e+00
3.989016520000016317e+04 1.901953960442308356e+00
3.989191470000008121e+04 1.397011560541224107e+00
3.989191630000015721e+04 1.375308097421452214e+00
3.989191740000015125e+04 1.386755828871888419e+00
3.989192439999990165e+04 1.446771683247722429e+00
3.989192709999997169e+04 1.483200967181874885e+00
3.989192870000004768e+04 1.491420128094398168e+00
3.989193410000018775e+04 1.550243788871042083e+00
3.989193559999996796e+04 1.580520015284257340e+00
3.989193750000000000e+04 1.586353605478502349e+00
3.989194279999984428e+04 1.647403559435753007e+00
3.989194709999999031e+04 1.665712328068810200e+00
3.989194859999977052e+04 1.665712328068810200e+00
3.989197610000008717e+04 1.836538343348346425e+00
3.989197729999991134e+04 1.850120434771859168e+00
3.989197850000020117e+04 1.862087136662867515e+00
3.989198279999988154e+04 1.900203002577232514e+00
3.989198400000017136e+04 1.903706531742075603e+00
3.989198510000016540e+04 1.910732981042873035e+00
3.989199099999992177e+04 1.896705921211146117e+00
3.989199230000004172e+04 1.900203002577232514e+00
3.989199379999982193e+04 1.900203002577232514e+00
3.989199770000018179e+04 1.887991349096293403e+00
3.989199890000000596e+04 1.900203002577232514e+00
3.989200009999983013e+04 1.887991349096293403e+00
3.989200510000018403e+04 1.901953960442308356e+00
3.989200630000000820e+04 1.914255925021085547e+00
3.989200740000000224e+04 1.924863777782531704e+00
3.989201489999983460e+04 1.921321311403725085e+00
3.989201619999995455e+04 1.937313924581955726e+00
3.989201759999990463e+04 1.901953960442308356e+00
3.989202119999984279e+04 1.893215275777465401e+00
3.989202229999983683e+04 1.930189727634575858e+00
3.989202380000008270e+04 1.940885877592777975e+00
3.989202810000022873e+04 1.937313924581955726e+00
3.989202930000005290e+04 1.930189727634575858e+00
3.989203060000017285e+04 1.928412775639426258e+00
3.989203539999993518e+04 1.894959794743548587e+00
3.989203660000022501e+04 1.898453656661504008e+00
3.989203770000021905e+04 1.907216520593905784e+00
3.989211150000011548e+04 1.903706531742075603e+00
3.989211260000010952e+04 1.917785364482653243e+00
3.989211379999993369e+04 1.912493641844208003e+00
3.989211849999986589e+04 1.917785364482653243e+00
3.989211970000015572e+04 1.912493641844208003e+00
3.989212099999981001e+04 1.923091728910158338e+00
3.989212509999983013e+04 1.908973941123505602e+00
3.989212719999998808e+04 1.910732981042873035e+00
3.989212829999998212e+04 1.903706531742075603e+00
3.989213260000012815e+04 1.912493641844208003e+00
3.989213420000020415e+04 1.886253245351065866e+00
3.989213560000015423e+04 1.910732981042873035e+00
3.989214419999998063e+04 1.882781836734676029e+00
3.989214529999997467e+04 1.887991349096293403e+00
3.989214649999979883e+04 1.901953960442308356e+00
3.989215010000020266e+04 1.898453656661504008e+00
3.989215130000002682e+04 1.889731054431676771e+00
3.989215249999985099e+04 1.901953960442308356e+00
3.989215629999991506e+04 1.908973941123505602e+00
3.989215760000003502e+04 1.889731054431676771e+00
3.989215890000015497e+04 1.916019832068457829e+00
3.989216679999977350e+04 1.894959794743548587e+00
3.989216809999989346e+04 1.916019832068457829e+00
3.989216940000001341e+04 1.898453656661504008e+00
3.989217579999985173e+04 1.928412775639426258e+00
3.989217700000014156e+04 1.931968317016923953e+00
3.989217819999996573e+04 1.930189727634575858e+00
3.989218949999986216e+04 1.908973941123505602e+00
3.989219079999998212e+04 1.924863777782531704e+00
3.989219199999980628e+04 1.942674323031489791e+00
3.989219900000002235e+04 1.900203002577232514e+00
3.989220030000014231e+04 1.898453656661504008e+00
3.989220149999996647e+04 1.905460717963247008e+00
4.058102930000005290e+04 1.928412775639426258e+00
4.058103299999982119e+04 1.908973941123505602e+00
4.058103800000017509e+04 1.896705921211146117e+00
4.058104179999977350e+04 1.894959794743548587e+00
4.058104570000013337e+04 1.907216520593905784e+00
4.058105019999993965e+04 1.900203002577232514e+00
4.058122159999981523e+04 1.149211597203240842e+00
4.058122949999989942e+04 1.229136173060167758e+00
4.058123320000013337e+04 1.256608520076331503e+00
4.058123719999985769e+04 1.294195841449986117e+00
4.058124099999992177e+04 1.344002263082163307e+00
4.058124500000011176e+04 1.389312681736755595e+00
4.058124910000013188e+04 1.416445927238513702e+00
4.058125270000007004e+04 1.433507600728123998e+00
4.058125680000009015e+04 1.470957076796977070e+00
4.058126200000010431e+04 1.548816618912481458e+00
4.058126640000008047e+04 1.555965631605074506e+00
4.058127020000014454e+04 1.611387535720003150e+00
4.058127589999977499e+04 1.601031954667332391e+00
4.058127799999993294e+04 1.668783511365391048e+00
4.058128159999987110e+04 1.693557708691518560e+00
4.058128550000023097e+04 1.733005735327081798e+00
4.058129249999998137e+04 1.784842916498007304e+00
4.058130269999988377e+04 1.836538343348346425e+00
4.058130659999977797e+04 1.839924489796671558e+00
4.058131210000021383e+04 1.879316816803268564e+00
4.058131660000002012e+04 1.879316816803268564e+00
4.058212999999988824e+04 1.903706531742075603e+00
4.058213409999990836e+04 1.912493641844208003e+00
4.058213909999979660e+04 1.894959794743548587e+00
4.058214360000006855e+04 1.887991349096293403e+00
4.058214790000021458e+04 1.908973941123505602e+00
4.058215159999998286e+04 1.908973941123505602e+00
4.058215519999992102e+04 1.924863777782531704e+00
4.058216589999990538e+04 1.898453656661504008e+00
4.058216949999984354e+04 1.886253245351065866e+00
4.058217340000020340e+04 1.893215275777465401e+00
4.058217730000009760e+04 1.887991349096293403e+00
4.058218159999977797e+04 1.887991349096293403e+00
4.058219230000022799e+04 1.928412775639426258e+00
4.058220250000013039e+04 1.931968317016923953e+00
4.058220999999996275e+04 1.910732981042873035e+00
4.058221409999998286e+04 1.898453656661504008e+00
4.058221840000012890e+04 1.910732981042873035e+00
4.058223089999984950e+04 1.924863777782531704e+00
4.058223549999995157e+04 1.916019832068457829e+00
4.058223989999992773e+04 1.912493641844208003e+00
4.058224610000010580e+04 1.884516741721554256e+00
4.058225050000008196e+04 1.893215275777465401e+00
4.058225480000022799e+04 1.884516741721554256e+00
4.058225900000007823e+04 1.907216520593905784e+00
4.058226349999988452e+04 1.894959794743548587e+00
4.058226729999994859e+04 1.900203002577232514e+00
4.058227589999977499e+04 1.891472362833014786e+00
4.058227969999983907e+04 1.894959794743548587e+00
4.058228390000015497e+04 1.916019832068457829e+00
4.058228810000000522e+04 1.886253245351065866e+00
4.058229449999984354e+04 1.886253245351065866e+00
4.058229889999981970e+04 1.893215275777465401e+00
4.058230390000017360e+04 1.887991349096293403e+00
4.058230830000014976e+04 1.905460717963247008e+00
4.058231210000021383e+04 1.886253245351065866e+00
4.058231760000018403e+04 1.896705921211146117e+00
4.060394980000006035e+04 1.170577035963137780e+00
4.060395630000019446e+04 1.226874104638340457e+00
4.060396040000021458e+04 1.269404401961803153e+00
4.060396430000010878e+04 1.307374470163132685e+00
4.060396859999978915e+04 1.362699196994869411e+00
4.060397450000001118e+04 1.381656231167328386e+00
4.060397880000015721e+04 1.425607593602188361e+00
4.060398370000021532e+04 1.476386277753862553e+00
4.060398909999988973e+04 1.519147698447522066e+00
4.060399409999977797e+04 1.566029720686047400e+00
4.060399910000013188e+04 1.633804169300681508e+00
4.060400469999993220e+04 1.658059075108917479e+00
4.060400909999990836e+04 1.723455205109162058e+00
4.060401340000005439e+04 1.734602627879286318e+00
4.060402359999995679e+04 1.806342083169976576e+00
4.060402769999997690e+04 1.819700858609983429e+00
4.060403189999982715e+04 1.821377637104779623e+00
4.060403569999989122e+04 1.841619903524670976e+00
4.060404020000016317e+04 1.872405895986799074e+00
4.060404430000018328e+04 1.881048528918704665e+00
4.060404879999998957e+04 1.889731054431676771e+00
4.060405340000009164e+04 1.908973941123505602e+00
4.060405729999998584e+04 1.905460717963247008e+00
4.060406889999983832e+04 1.908973941123505602e+00
4.060407239999994636e+04 1.903706531742075603e+00
4.060407640000013635e+04 1.905460717963247008e+00
4.060408089999994263e+04 1.910732981042873035e+00
4.060408430000022054e+04 1.894959794743548587e+00
4.060408829999994487e+04 1.907216520593905784e+00
4.060409239999996498e+04 1.903706531742075603e+00
4.060409679999994114e+04 1.908973941123505602e+00
4.060410020000021905e+04 1.896705921211146117e+00
4.060410429999977350e+04 1.882781836734676029e+00
4.060410829999996349e+04 1.919552523761379748e+00
4.060411180000007153e+04 1.914255925021085547e+00
4.060411730000004172e+04 1.907216520593905784e+00
4.060412089999997988e+04 1.886253245351065866e+00
4.060412460000021383e+04 1.900203002577232514e+00
4.060412790000019595e+04 1.930189727634575858e+00
4.060413180000009015e+04 1.946256159361240634e+00
4.060413590000011027e+04 1.894959794743548587e+00
4.060413929999992251e+04 1.930189727634575858e+00
4.060414280000003055e+04 1.903706531742075603e+00
4.060414610000001267e+04 1.894959794743548587e+00
4.060414990000007674e+04 1.893215275777465401e+00
4.060415359999984503e+04 1.898453656661504008e+00
4.060415760000003502e+04 1.903706531742075603e+00
4.060416129999980330e+04 1.900203002577232514e+00
4.060492519999993965e+04 1.921321311403725085e+00
4.060492920000012964e+04 1.908973941123505602e+00
4.060493550000013784e+04 1.893215275777465401e+00
4.060494070000015199e+04 1.917785364482653243e+00
4.060494480000017211e+04 1.914255925021085547e+00
4.060494870000006631e+04 1.903706531742075603e+00
4.060495420000003651e+04 1.891472362833014786e+00
4.060495960000017658e+04 1.912493641844208003e+00
4.060496400000015274e+04 1.868959971651491303e+00
4.060497779999999329e+04 1.901953960442308356e+00
4.060498160000005737e+04 1.905460717963247008e+00
4.060498529999982566e+04 1.891472362833014786e+00
4.060498909999988973e+04 1.916019832068457829e+00
4.060499269999982789e+04 1.893215275777465401e+00
4.060499599999981001e+04 1.884516741721554256e+00
4.060499979999987409e+04 1.903706531742075603e+00
4.060500350000010803e+04 1.889731054431676771e+00
4.060500689999992028e+04 1.898453656661504008e+00
4.060501159999985248e+04 1.910732981042873035e+00
4.060501569999987260e+04 1.907216520593905784e+00
4.060502009999984875e+04 1.898453656661504008e+00
4.060502359999995679e+04 1.905460717963247008e+00
4.060504199999989942e+04 1.923091728910158338e+00
4.060504600000008941e+04 1.914255925021085547e+00
4.060504999999981374e+04 1.896705921211146117e+00
4.060505409999983385e+04 1.900203002577232514e+00
4.060505789999989793e+04 1.917785364482653243e+00
4.060506140000000596e+04 1.900203002577232514e+00
4.060506600000010803e+04 1.882781836734676029e+00
4.060506990000000224e+04 1.875858173799283657e+00
4.060507370000006631e+04 1.907216520593905784e+00
4.060507800000021234e+04 1.868959971651491303e+00
4.060508169999998063e+04 1.846715523986705909e+00
4.060508619999978691e+04 1.793081377080441241e+00
4.060509049999993294e+04 1.794733626832526463e+00
4.060509420000016689e+04 1.778279410038922759e+00
4.060509800000023097e+04 1.737800828749375359e+00
4.060510229999991134e+04 1.733005735327081798e+00
4.060510639999993145e+04 1.684224575082704067e+00
4.060511010000016540e+04 1.676486266073897502e+00
4.060511370000010356e+04 1.642857898137272121e+00
4.060511780000012368e+04 1.614358556826486435e+00
4.060513560000015423e+04 1.458814260275348440e+00
4.060513940000021830e+04 1.411237148411850884e+00
4.060514300000015646e+04 1.381656231167328386e+00
4.060514630000013858e+04 1.358939117100801397e+00
4.060514960000012070e+04 1.329229588315683275e+00
4.060515359999984503e+04 1.294195841449986117e+00
4.060515689999982715e+04 1.281150056278397509e+00
4.060516039999993518e+04 1.253141174941415859e+00
4.060516410000016913e+04 1.230268770812381618e+00
4.060516710000019521e+04 1.215626055237379877e+00
4.060516960000013933e+04 1.195638799988121503e+00
4.060517260000016540e+04 1.184677117581485195e+00
4.060517540000006557e+04 1.164126029410491370e+00
4.060517970000021160e+04 1.158777356155126004e+00
4.060518259999994189e+04 1.141826189548222681e+00
4.060518539999984205e+04 1.137627285823430867e+00
4.060518859999999404e+04 1.154516116921430413e+00
4.060519139999989420e+04 1.144985534690188933e+00
4.060519439999992028e+04 1.155579955402128878e+00
4.060519709999999031e+04 1.173815932483220914e+00
4.060519989999989048e+04 1.193438379210795652e+00
4.060520280000008643e+04 1.206701909593275168e+00
4.060520599999977276e+04 1.226874104638340457e+00
4.060520910000009462e+04 1.239367204820680968e+00
4.060521219999995083e+04 1.265901749300244461e+00
4.060521540000010282e+04 1.309784962399686004e+00
4.060521840000012890e+04 1.328005886243730282e+00
4.060522140000015497e+04 1.345240705148632809e+00
4.060522459999984130e+04 1.361444682465950073e+00
4.060522759999986738e+04 1.397011560541224107e+00
4.060523100000014529e+04 1.426921231579364235e+00
4.060523389999987558e+04 1.462850686999853433e+00
4.060524599999981001e+04 1.547390762820878507e+00
4.060524919999996200e+04 1.579064972728428051e+00
4.060525219999998808e+04 1.583434123914575498e+00
4.060525769999995828e+04 1.641345466702140987e+00
4.060525870000012219e+04 1.655007628769989969e+00
4.060526179999997839e+04 1.667247212551062896e+00
4.060526489999983460e+04 1.698243652461744357e+00
4.060526899999985471e+04 1.715536647728346908e+00
4.246696189999999478e+04 1.923091728910158338e+00
4.246696810000017285e+04 1.910732981042873035e+00
4.246697300000023097e+04 1.901953960442308356e+00
4.246697789999982342e+04 1.898453656661504008e+00
4.246698270000005141e+04 1.900203002577232514e+00
4.246698689999990165e+04 1.896705921211146117e+00
4.246699519999977201e+04 1.907216520593905784e+00
4.246700149999978021e+04 1.919552523761379748e+00
4.246700630000000820e+04 1.912493641844208003e+00
4.246701120000006631e+04 1.901953960442308356e+00
4.246704520000005141e+04 1.898453656661504008e+00
4.246704939999990165e+04 1.912493641844208003e+00
4.246705360000021756e+04 1.910732981042873035e+00
4.246795280000008643e+04 1.905460717963247008e+00
4.246795770000014454e+04 1.900203002577232514e+00
4.246796189999999478e+04 1.896705921211146117e+00
4.246796600000001490e+04 1.907216520593905784e+00
4.246797019999986514e+04 1.894959794743548587e+00
4.246797509999992326e+04 1.882781836734676029e+00
4.246797919999994338e+04 1.916019832068457829e+00
4.246798410000000149e+04 1.908973941123505602e+00
4.246798959999997169e+04 1.921321311403725085e+00
